pi0: 0.663518489453324 

p-value q-value 
0.01212618 0.0873481
0.07502524 0.2073648
0.9949211 0.6616095
0.04178549 0.1600905
0.8458139 0.6264245
0.2519243 0.368168
0.6586562 0.5677815
0.06568139 0.1943320
0.1232681 0.2675711
0.0007129338 0.02293042
0.08839748 0.2286986
0.007381703 0.06809795
0.271 0.3773624
0.974981 0.6577068
0.2497098 0.3667793
0.7734763 0.6093237
0.03618297 0.1497526
0.001750789 0.03610322
0.08846688 0.2286986
0.1380883 0.2849617
0.8469748 0.6270635
0.363041 0.4355982
0.1798738 0.3208975
0.9964795 0.6622271
0.941858 0.6514503
0.5461893 0.5221951
0.3367886 0.4191153
0.6235079 0.5552318
0.002649842 0.04251434
0.6738139 0.5740255
0.6793123 0.5768405
0.1167413 0.2621603
0.7954574 0.6145312
0.8524763 0.6282281
0.001164038 0.02985834
0.5741956 0.53487
0.0627918 0.1904986
0.04164984 0.1600905
0.2710883 0.3773624
0.4470946 0.4763921
0.5621672 0.5285378
0.8167792 0.6199302
0.006425868 0.06405627
0.02806309 0.1322435
0.04525868 0.1650202
0.1701514 0.3139373
0.2819874 0.3833996
0.05393691 0.1803631
0.7211199 0.5940957
0.2026246 0.3390168
0.1974606 0.3335980
0.2346467 0.3573823
0.3770095 0.4425136
0.8111735 0.6182077
0.5191262 0.5085729
0.2831199 0.3839467
0.143265 0.2897471
0.04046057 0.1590708
0.4200473 0.4636275
0.002984227 0.04436727
0.1857476 0.3258489
0.4265268 0.4665297
0.983489 0.6594278
0.7937098 0.6145312
0.7024984 0.5896259
0.5437224 0.5212582
0.4941041 0.4984535
0.8438013 0.6264245
0.3712429 0.4386826
0.5087129 0.5038717
0.9478139 0.6521894
0.4952965 0.4989385
0.01310726 0.0922047
0.4095079 0.4598718
0.7830095 0.6133479
0.1347445 0.2816758
0.1880536 0.3277077
0.7705363 0.6087359
0.04654574 0.1671591
0.2005331 0.3366257
0.1118517 0.2574001
0.008750789 0.07391596
0.05854574 0.1865794
0.1824101 0.3232291
0.2363281 0.3589037
0.4249495 0.4662546
0.2609968 0.3713201
0.01709779 0.1060847
0.0224795 0.1194995
0.6696309 0.5718516
0.4643249 0.4837243
0.01230284 0.08831817
0.9713975 0.6575948
0.004255521 0.05424767
0.002353312 0.0392845
0.07210095 0.2035621
0.9495174 0.652457
0.08358675 0.2234042
0.2011609 0.3374103
0.5499937 0.5244022
0.3565205 0.4315543
0.5039621 0.5028513
0.1078549 0.2533663
0.5456593 0.5221127
0.3063817 0.4002954
0.638123 0.5618243
0.595041 0.5445987
0.7170284 0.5932983
0.9567729 0.6536832
0.0004100946 0.02174082
0.01444164 0.09794293
0.7233754 0.5940957
0.4808013 0.4928339
0.01339117 0.09357597
0.6682934 0.5714243
0.732735 0.5963248
0.000659306 0.02293042
0.4862397 0.4947915
0.7815804 0.6131816
0.8185426 0.6204269
0.2150662 0.3458412
0.4122681 0.4607575
0.589246 0.541543
0.4975521 0.4996693
0.05645741 0.1864206
0.01580442 0.1025996
0.4587413 0.4806548
0.5183849 0.5083202
0.8530978 0.6282281
0.002227129 0.03850582
0.01901893 0.1108131
0.9648076 0.6571645
0.1736562 0.3165809
0.3793028 0.4441151
0.0717918 0.2029617
0.09394322 0.2352059
0.455776 0.4800491
0.5205678 0.5095105
0.003429022 0.04615046
0.2893659 0.3886305
0.9104921 0.6413553
0.9993155 0.6634201
0.1104132 0.2559077
0.8344448 0.6230502
0.001321767 0.03159254
0.173612 0.3165809
0.0605836 0.1897447
0.8398139 0.6250621
0.3280315 0.4126592
0.5589117 0.528302
0.002299685 0.03900847
0.5351262 0.5165487
0.4175931 0.462264
0.8721104 0.6331918
0.002760252 0.0426896
9.463722e-05 0.01248976
0.02538486 0.1247508
0.04642271 0.1671591
0.4551009 0.4798186
0.4925899 0.4981206
0.2858517 0.3858835
0.3464385 0.4273284
0.9704416 0.6575948
0.3644448 0.4359268
0.2217224 0.3506471
0.9899748 0.6612256
0.06107256 0.1897447
0.232836 0.3556546
0.01403785 0.09586546
0.269858 0.3768969
0.3746435 0.4404739
0.848205 0.6273119
0.5480347 0.5232459
0.193795 0.3324791
0.1109306 0.2566846
0.8983312 0.637273
0.0363817 0.1497526
0.009706625 0.07762914
0.3354385 0.4179774
0.07051104 0.2006896
0.1676372 0.310935
0.8963754 0.637273
0.3800631 0.4441151
0.01643533 0.1050739
0.9199148 0.6450611
0.004526814 0.0553575
0.01162461 0.0860939
0.6086688 0.5503041
0.2599874 0.3712461
0.3659685 0.4363725
0.7313344 0.5955303
0.4459085 0.4759289
0.3210347 0.4089942
0.2860158 0.3858835
0.08951104 0.229882
0.2421861 0.3609408
0.06021767 0.1897186
0.1830631 0.3236298
0.2343943 0.3572566
0.2983565 0.3966809
0.7640442 0.6071169
0.1781483 0.3191728
0.04587697 0.1663715
0.5078297 0.5038298
0.9341293 0.6503272
0.7042965 0.5904283
0.3598076 0.4336978
0.4307413 0.4694307
0.2387035 0.3599338
0.2448991 0.3619883
0.08543218 0.2250731
0.3038675 0.3990471
0.9346688 0.6503272
0.3643091 0.4359268
0.7798517 0.6124722
0.9527098 0.6528983
0.6335268 0.5596518
0.2388896 0.3599338
0.4346246 0.4720055
0.05596845 0.1850966
0.1549905 0.3001126
0.4310347 0.4695072
0.4133691 0.4611454
0.6669306 0.5714016
0.1400694 0.2871496
0.01244479 0.08903331
0.1291199 0.275441
0.2374637 0.3598908
0.3160032 0.4072711
0.3340662 0.4172561
0.01895584 0.1107523
0.1101987 0.2559077
0.4268265 0.4666149
0.203653 0.339454
0.5639401 0.5293019
0.9924164 0.6612256
0.2670915 0.3743155
0.09675394 0.2380208
0.2126088 0.3451623
0.2254132 0.3519246
0.2291924 0.352664
0.2222397 0.3509535
0.03937855 0.1577657
0.525959 0.5108021
0.2376625 0.3598908
0.8251767 0.621202
0.3263407 0.4122134
0.2148833 0.3458412
0.005321767 0.06083455
0.02090536 0.1144655
0.004255521 0.05424767
0.0069653 0.0664119
0.3375079 0.4192191
0.00185489 0.03677256
0.1722271 0.3158278
0.06161199 0.1898817
0.1440662 0.2900052
0.2319432 0.3545676
0.7729558 0.6093237
0.03678864 0.1508373
0.805899 0.6161725
0.2420442 0.3609408
0.4190568 0.4634199
0.0004479495 0.02174082
0.02842587 0.1328659
0.02870662 0.1331276
0.003444795 0.04615046
0.1223596 0.2675572
0.442164 0.4752333
0.09211987 0.2331247
0.5433249 0.5211146
0.6829653 0.5780132
0.827918 0.6213331
0.9360505 0.6503862
0.3118612 0.403416
0.06190536 0.1898817
0.3194385 0.4089942
0.1545615 0.3001126
0.9036215 0.6380937
0.05706625 0.1865794
0.4174637 0.462264
0.3307981 0.4146516
0.7226246 0.5940957
0.4633375 0.4831743
0.05223659 0.1771092
0.6442429 0.564264
0.4248833 0.4662546
0.004485804 0.0552156
0.2282145 0.352664
0.2206814 0.3504379
0.3654921 0.4362098
0.1727287 0.3161963
0.1102366 0.2559077
0.3963375 0.4535571
0.3141325 0.4058549
0.6466498 0.564635
0.008785489 0.07391596
0.616571 0.5514028
0.7242145 0.5940957
0.8840032 0.6347411
0.1685079 0.3119997
0.02808517 0.1322435
0.5176751 0.5081041
0.0581388 0.1865794
0.05570347 0.1850934
0.1533028 0.2999535
0.7405741 0.5986507
0.09745426 0.2388280
0.9023596 0.6379769
0.73594 0.597661
0.804675 0.6154604
0.002100946 0.03765467
0.1967603 0.3332818
0.04532492 0.1650202
0.3029085 0.3989920
0.3606972 0.4340239
0.166429 0.3102287
0.3982145 0.4549424
0.06194006 0.1898817
0.6283218 0.5571318
0.9455457 0.6518482
0.5747319 0.5351325
0.9737823 0.6575948
0.02080757 0.1144655
0.4983975 0.4996693
0.09107886 0.2327716
0.1354543 0.2817859
0.0002555205 0.021498
0.0009747634 0.02697726
0.1588076 0.3029027
0.4487571 0.4771966
0.2251735 0.3519246
0.02308833 0.1202033
0.1091798 0.2548765
0.006176656 0.06399848
0.03996215 0.1590708
0.01955205 0.1126709
0.3470726 0.4273284
0.5865079 0.5412768
0.6239653 0.555404
0.09557729 0.2365821
0.4524259 0.477477
0.2396404 0.3605497
0.5930126 0.543637
0.1008959 0.2436507
0.9657413 0.6571645
0.4590915 0.4806548
0.6183565 0.5520091
0.03319558 0.1436668
0.06590852 0.1943320
0.01498107 0.09892454
0.2746593 0.3798196
0.3837319 0.4461713
0.2293596 0.352664
0.3369495 0.4191153
0.4826183 0.4937339
0.1406404 0.2874796
0.8101483 0.6181889
0.2292744 0.352664
0.09221451 0.2331247
0.4050978 0.4576068
0.06067823 0.1897447
0.303817 0.3990471
0.06793691 0.1974243
0.1964164 0.3331719
0.03992114 0.1590708
0.6369306 0.5612444
0.8280095 0.6213331
0.2992744 0.3976339
0.8416972 0.6260208
0.6924259 0.5835002
0.3314606 0.4149874
0.5167603 0.5081041
0.4258801 0.4662546
0.8790347 0.6345159
0.8286088 0.6213395
0.3463943 0.4273284
0.9370568 0.6506007
0.09387697 0.2352059
0.8625962 0.6315158
0.4892303 0.4968732
0.6192618 0.552152
0.4565899 0.480185
0.06708202 0.1962409
0.7621798 0.6065583
0.7928675 0.6145312
0.0226877 0.1194995
0.8639968 0.6317626
0.180612 0.3216688
0.2134953 0.3451623
0.03022713 0.1366335
0.7931672 0.6145312
0.05246688 0.1772223
0.2176309 0.3481405
0.6106215 0.5503041
0.8311861 0.6221631
0.3877666 0.4476456
0.769634 0.6085761
0.2702776 0.3769823
0.001858044 0.03677256
0.9723912 0.6575948
0.1731073 0.3165809
0.386918 0.4476456
0.9730883 0.6575948
0.1439937 0.2900052
0.2532808 0.368168
0.9655016 0.6571645
0.9281956 0.6478354
0.4139306 0.4611454
0.1768265 0.3186309
0.004722397 0.05708546
0.2800757 0.3822831
0.002810726 0.04315292
0.2082208 0.3428231
0.1323691 0.2792568
0.5871136 0.5412768
0.02652997 0.1285758
0.4377192 0.4733734
0.1142618 0.2602109
0.5725931 0.5340868
0.402511 0.4561546
0.9655016 0.6571645
0.0316183 0.1400219
0.02507886 0.1238256
0.006410095 0.06405627
0.163082 0.3066712
0.0845205 0.2241822
0.09571924 0.2365821
0.8029022 0.6150343
0.4138076 0.4611454
0.9485016 0.6521894
0.00962776 0.0772923
0.1564164 0.3007303
0.0006971609 0.02293042
0.2413817 0.3609408
0.1895552 0.329778
0.152795 0.2997966
0.1591767 0.3029027
0.01135016 0.08526214
0.2223091 0.3509535
0.3997634 0.455989
0.3975237 0.4544201
0.07394006 0.2063859
0.1741987 0.3165809
0.02676341 0.1291122
0.4388927 0.4736514
0.8478423 0.6272689
0.02443218 0.1223560
0.9121293 0.6419059
0.0363123 0.1497526
0.1125047 0.2574942
0.7475457 0.6010524
0.7064006 0.5910144
0.6457035 0.564635
0.2507666 0.3673056
0.4422461 0.4752333
0.5990505 0.5464072
0.3797445 0.4441151
0.008356467 0.07233171
0.01315773 0.0922512
0.8448864 0.6264245
0.04862145 0.1715908
0.812328 0.6182077
0.4882492 0.4965961
0.02354259 0.1210921
0.1174101 0.2621603
0.5883344 0.5412768
0.6128297 0.5503041
0.6662303 0.5710476
0.04267508 0.1618413
0.8226404 0.6205548
0.6398959 0.5622834
0.01562776 0.1023302
0.1112303 0.2567860
0.2261798 0.3519246
0.8751451 0.634094
0.0004227129 0.02174082
0.7226719 0.5940957
0.744265 0.6007109
0.3974574 0.4544201
0.7972965 0.6145312
0.5627697 0.5286752
0.1471041 0.2930037
0.005665615 0.0611798
0.001744479 0.03610322
0.7987855 0.6145312
0.5044606 0.5029866
0.0007413249 0.02293042
0.1552934 0.3001126
0.2806972 0.382387
0.1060032 0.2510836
0.973877 0.6575948
0.05115142 0.1763763
0.06733438 0.1964604
0.882328 0.6345159
0.6555584 0.5665042
0.01173186 0.08658333
0.6369085 0.5612444
0.1709874 0.3143029
0.4436625 0.4752333
0.5316498 0.5143733
0.08549842 0.2250731
0.3092271 0.4016354
0.3277886 0.4126004
0.7839274 0.6133479
0.2583659 0.3696836
0.7678927 0.6077685
0.05828076 0.1865794
0.0438265 0.1634444
0.001299685 0.03142181
0.7892334 0.6133479
0.1766215 0.3186309
0.5955142 0.5445987
0.5094006 0.5038717
0.709489 0.5910984
0.2390599 0.3599338
0.8235142 0.6205548
0.1400599 0.2871496
0.005123028 0.05920626
0.006410095 0.06405627
0.3688044 0.4377127
0.6626151 0.5697931
0.4510568 0.4772663
0.7219685 0.5940957
0.0005173502 0.02267022
0.145265 0.2912714
0.4507918 0.4772663
0.2785016 0.3814626
0.1459716 0.2921120
0.4888328 0.4968472
0.04991483 0.1735348
0.8128454 0.6182391
0.3811893 0.4446676
0.01188013 0.0867873
0.01666877 0.1053557
0.4411987 0.4751648
0.3530158 0.4298219
0.02063722 0.1144655
0.4133565 0.4611454
0.799593 0.6148968
0.1549558 0.3001126
0.0001798107 0.01800979
1.577287e-05 0.01248976
0.06157098 0.1898817
0.7709937 0.6087359
0.535388 0.5165644
0.02866877 0.1331276
0.03491483 0.1471528
0.9532744 0.6528983
0.5509495 0.5250755
0.8354826 0.6236037
0.8815016 0.6345159
0.2433722 0.361159
0.04265931 0.1618413
0.3711798 0.4386826
0.03260252 0.142271
0.3629968 0.4355982
0.3260379 0.4122134
0.9580379 0.6542452
0.02491483 0.1238256
0.0571388 0.1865794
0.008785489 0.07391596
0.2897981 0.3887423
0.5591073 0.528302
0.9412902 0.6514503
0.8413375 0.6259746
0.444858 0.4759289
0.3444637 0.4256927
0.7630915 0.6070542
0.6269022 0.5563952
9.77918e-05 0.01248976
0.3857539 0.447286
0.4417003 0.4752333
0.0223817 0.1194995
0.1394574 0.2867334
0.06857098 0.197845
0.6980347 0.5865816
0.0669306 0.1960706
0.05288328 0.1782568
0.8698139 0.6323976
0.5692555 0.5321536
0.09832808 0.2396509
0.3849148 0.4466911
0.1469495 0.2929732
0.1153912 0.2606966
0.3180505 0.408159
0.009514196 0.07674952
0.2056751 0.3411731
0.6597098 0.5679914
0.02260883 0.1194995
0.602407 0.5482799
0.3028991 0.3989920
0.8694132 0.6323976
0.002728707 0.04251434
0.1993123 0.3353794
0.04397792 0.1637188
0.06968454 0.1996883
0.2778801 0.3814626
0.6038423 0.5493486
0.4512271 0.4772663
0.09390852 0.2352059
0.443571 0.4752333
0.3198991 0.4089942
0.1901609 0.3302854
0.7889054 0.6133479
0.8549274 0.6282281
0.8781451 0.6345159
0.003135647 0.04436727
0.06734385 0.1964604
0.03766562 0.1535351
0.03427445 0.1460949
0.7095457 0.5910984
0.8989842 0.6373042
0.3085394 0.4013404
0.2052681 0.3409815
0.1279748 0.2741102
0.6166183 0.5514028
0.02504101 0.1238256
0.989694 0.6612256
0.2414416 0.3609408
0.1809653 0.3220254
0.4561104 0.4801609
0.04041956 0.1590708
0.8547918 0.6282281
0.6159306 0.5514028
0.02918297 0.1334394
0.0007318612 0.02293042
0.05927129 0.1879636
0.6313533 0.5585241
0.7217319 0.5940957
0.7241546 0.5940957
0.4348991 0.4720055
0.5830568 0.5395401
0.1820789 0.3229143
0.6530158 0.5657015
0.4841861 0.4947915
0.5551073 0.5272459
0.2411262 0.3609408
0.02724606 0.1308404
0.1172902 0.2621603
0.04913565 0.1726588
0.003810726 0.04947719
0.006097792 0.06349412
0.7334637 0.5965714
0.4940473 0.4984535
0.9534984 0.6528983
0.834041 0.6229699
0.2245268 0.3519246
0.145429 0.2913225
0.5685741 0.5320544
0.3508139 0.4295464
0.6658391 0.5710476
0.6467445 0.564635
0.03246057 0.1419461
0.8519685 0.6282281
0.2319558 0.3545676
0.04782965 0.1700042
0.2161672 0.347049
0.6566688 0.5669978
0.6388486 0.5619353
0.07383281 0.2063859
0.486183 0.4947915
0.5869558 0.5412768
0.434817 0.4720055
0.4246719 0.4662546
0.1113407 0.2567860
0.0849653 0.2245127
0.2027634 0.3390168
0.9734448 0.6575948
0.6136782 0.550675
0.1312713 0.2789716
0.3934669 0.4517467
0.9392997 0.6511788
0.4913754 0.4973707
0.6104448 0.5503041
0.01076025 0.08200221
0.0914448 0.2331247
0.8823533 0.6345159
0.8524984 0.6282281
0.8635426 0.6317626
0.5515615 0.525273
0.1007918 0.2436507
0.672571 0.5734311
0.8805868 0.6345159
0.9462334 0.6519042
0.01993375 0.1139340
0.2741703 0.3796426
0.5052934 0.5029866
0.4752524 0.4892921
0.2405174 0.3609408
0.05812934 0.1865794
0.00466877 0.05676343
0.1842492 0.3237604
0.4241041 0.4660611
0.02045741 0.1144655
0.1771924 0.318818
0.9773596 0.6578345
0.4944511 0.4985645
0.6769243 0.5754247
0.006977918 0.0664119
0.2780789 0.3814626
0.8027192 0.6150343
0.128123 0.2741485
0.2667539 0.3743155
0.7843407 0.6133479
0.7854574 0.6133479
0.04691483 0.1678205
0.5169842 0.5081041
0.984754 0.6598374
0.3897382 0.4494283
0.5875899 0.5412768
0.4332303 0.4714515
0.2668707 0.3743155
0.0004763407 0.02174082
0.09619874 0.2369320
0.02177918 0.1174598
0.7651861 0.607313
0.1246246 0.2699584
0.1659464 0.3099858
0.00633754 0.06405627
0.5616972 0.5285378
0.1076404 0.2532504
0.0005899054 0.02293042
0.02160252 0.1169771
0.06081703 0.1897447
0.2945174 0.3935669
0.6526782 0.5657015
0.7349716 0.5973358
0.2101199 0.3441001
0.7651199 0.607313
0.001940063 0.03709671
0.1918517 0.3319606
0.9773091 0.6578345
0.2163123 0.347049
0.655489 0.5665042
0.4008391 0.4560464
0.8197098 0.6205219
0.6743218 0.5742256
0.5010978 0.5009439
0.3652808 0.4362098
0.2528864 0.368168
0.2657224 0.3743155
0.615306 0.5514028
0.5478265 0.5232459
0.5370315 0.5172011
0.1124606 0.2574942
0.8456246 0.6264245
0.6409211 0.5624046
0.6691388 0.5716635
0.3640347 0.4359268
0.03505047 0.1471528
0.8363533 0.6240322
0.1355205 0.2817859
0.3084069 0.4013404
0.0344511 0.1463896
0.4451924 0.4759289
0.7035047 0.5899997
0.3352902 0.4179774
0.007706625 0.06956977
0.2733849 0.3790541
0.01541956 0.1013525
0.2619401 0.3713201
0.0002082019 0.01907616
0.09539432 0.2365821
0.7104353 0.5910984
0.02082334 0.1144655
0.170918 0.3143029
0.5650946 0.5301489
0.2829338 0.3839467
0.09307886 0.2344644
0.14147 0.2878157
0.9037382 0.6380937
0.2697981 0.3768969
0.6755237 0.5747837
0.1361767 0.2819171
0.04207256 0.1606052
0.1062461 0.2510934
0.4665394 0.4853103
0.3765426 0.4422123
0.2619274 0.3713201
0.08624606 0.2260991
0.1046751 0.2490597
0.3640379 0.4359268
0.07929022 0.2151940
0.7840095 0.6133479
0.0007413249 0.02293042
0.1591104 0.3029027
0.4574416 0.4805424
0.0005993691 0.02293042
0.2189369 0.3494883
0.9158517 0.6434068
0.4208707 0.4638963
0.07470978 0.2072797
0.1074259 0.2532504
0.8742587 0.634094
0.00185489 0.03677256
0.4686845 0.4861383
0.7247224 0.5940957
0.6296498 0.5573974
0.3025521 0.3989920
0.555877 0.5272459
0.1145615 0.2602109
0.3656246 0.4362098
0.3533186 0.4298219
0.5765331 0.5358608
0.07726183 0.2121527
0.1484353 0.2947525
0.2446909 0.3619395
0.5400505 0.5186836
0.2579117 0.3695455
0.3063817 0.4002954
0.1405394 0.2874796
0.5953375 0.5445987
0.4889685 0.4968472
0.00937224 0.0767048
0.9823912 0.6589018
0.3587603 0.4329316
0.288 0.3873183
0.06902839 0.1986199
0.4716025 0.4872037
0.0005678233 0.02293042
0.3991767 0.4555669
0.2315552 0.3545676
0.5399054 0.5186836
0.00788959 0.07061531
0.7546877 0.604024
0.005463722 0.0611798
0.8547823 0.6282281
0.1014795 0.2438884
0.4384006 0.4733734
0.7291136 0.5948734
0.03219874 0.1416848
0.7983028 0.6145312
0.4571104 0.4804922
0.9905962 0.6612256
0.8086593 0.6180456
0.001996845 0.03750064
0.723407 0.5940957
0.02850789 0.1329538
0.3397319 0.4210821
0.4503628 0.4772663
0.006476341 0.06420242
0.005388013 0.0611798
0.4596972 0.4808084
0.8844953 0.6347411
0.02471924 0.1232069
0.525511 0.5108021
0.2428391 0.361159
0.3606025 0.4340239
0.1558486 0.3004626
0.2141767 0.3457324
0.4020473 0.4560464
0.6640694 0.5705771
0.4513186 0.4772663
0.2351767 0.3579304
0.508959 0.5038717
0.2281798 0.352664
0.5953785 0.5445987
0.006776025 0.0655605
0.07114196 0.2014131
0.02715773 0.1307147
0.01037855 0.08025647
0.2405363 0.3609408
0.9996593 0.6634201
0.1012208 0.2438884
0.2870599 0.3865483
0.001782334 0.03639688
0.9742681 0.6576477
0.987735 0.6610105
0.4690915 0.4861383
0.3939716 0.451782
0.7368707 0.5981859
0.02496215 0.1238256
0.2029874 0.3391217
0.05166877 0.1769847
0.4478801 0.4768037
0.8520095 0.6282281
0.132142 0.2792568
0.9018391 0.637946
0.9583407 0.6542452
0.7236625 0.5940957
0.3877224 0.4476456
0.7463344 0.6009974
0.3797634 0.4441151
0.5458549 0.5221127
0.3908139 0.4499288
0.9351798 0.6503862
0.9401356 0.6511788
0.07010095 0.2003357
0.2798076 0.3821651
0.5670284 0.5317259
0.003088328 0.04436727
0.1552934 0.3001126
0.01066877 0.0817696
0.86547 0.6317626
0.731183 0.5955303
0.9201167 0.6450611
0.5374259 0.517344
0.6584259 0.5677815
0.8130568 0.6182391
0.7896656 0.6133479
0.08882019 0.2286986
0.6942555 0.5844034
0.2431041 0.361159
0.05820189 0.1865794
0.6683155 0.5714243
0.03240694 0.1419461
0.1659306 0.3099858
0.7447003 0.6008316
0.4846404 0.4947915
0.7473186 0.6010524
0.2263785 0.3519246
0.01777287 0.1080178
0.4966972 0.4996085
0.1869495 0.3267663
0.5883375 0.5412768
0.4736782 0.4888679
0.1626656 0.30658
0.6527066 0.5657015
0.5244574 0.5108021
0.854631 0.6282281
0.0007697161 0.02308297
0.279694 0.3821651
0.7378864 0.5986507
0.1309211 0.278718
0.8964448 0.637273
0.7910978 0.6142334
0.04466877 0.1648552
0.6979338 0.5865816
0.0002176656 0.01907616
0.01487066 0.09866958
0.3512744 0.4295464
4.100946e-05 0.01248976
0.1095489 0.2554546
0.2387035 0.3599338
0.3558328 0.4315543
0.9948233 0.6616095
0.4407571 0.4749324
0.1159117 0.2615915
0.9000852 0.6378698
0.002123028 0.03765467
0.00233123 0.03922721
0.644817 0.564264
0.01884858 0.1107523
0.06346372 0.191516
0.8115331 0.6182077
0.8758833 0.634094
0.07677603 0.2119254
0.02278233 0.1194995
0.04120189 0.1595988
0.3552965 0.4312257
0.2532808 0.368168
0.1178707 0.2623532
0.600511 0.5470277
0.1616625 0.3055107
0.4432492 0.4752333
0.8213533 0.6205219
0.01005994 0.07895377
0.3613659 0.4345799
0.0685142 0.197845
0.1315552 0.2789716
0.1576656 0.3025269
0.3057413 0.4002953
0.159164 0.3029027
0.2292524 0.352664
0.07780442 0.2125327
0.04962461 0.1728114
0.9628233 0.6564531
0.05037224 0.1743046
0.007312303 0.06807641
0.5672997 0.5317433
0.003164038 0.04436727
0.28653 0.3862816
0.3480221 0.4273284
0.4164069 0.462264
0.066 0.1943320
0.0888328 0.2286986
0.02925868 0.1334953
0.3285868 0.4131107
0.4281924 0.4673794
0.8507476 0.6282281
7.25552e-05 0.01248976
0.01004101 0.07895377
0.8777161 0.6345159
0.7972997 0.6145312
0.005473186 0.0611798
0.3045457 0.3996053
0.5919306 0.5432109
0.4177918 0.462264
0.1953407 0.3330016
0.2561041 0.3692101
0.2295521 0.3526875
0.2724763 0.3782931
0.003107256 0.04436727
0.1423785 0.2884103
0.01032177 0.08011193
0.2429338 0.361159
0.3946625 0.4520378
0.1967981 0.3332818
0.6094732 0.5503041
0.06506625 0.194253
0.4357319 0.4721784
0.1830978 0.3236298
0.694776 0.5845438
0.4606309 0.4810674
0.03804101 0.1541690
0.5095016 0.5038717
0.257041 0.3695455
0.3080189 0.4013199
0.8798517 0.6345159
0.1213218 0.2666485
0.09992114 0.2421307
0.3038486 0.3990471
0.2113407 0.3445924
0.2207571 0.3504379
0.784205 0.6133479
0.3337287 0.4170823
0.4017697 0.4560464
0.6212997 0.5537343
0.05466877 0.182231
0.5776498 0.5366616
0.5764606 0.5358608
0.0367571 0.1508373
0.8770158 0.6345159
0.7854448 0.6133479
0.7889527 0.6133479
0.5885363 0.5412768
0.3645584 0.4359268
0.728287 0.5944296
0.8973785 0.637273
0.06157413 0.1898817
0.01894637 0.1107523
0.7851262 0.6133479
0.6160757 0.5514028
0.03786751 0.1537621
0.787959 0.6133479
0.756448 0.6043335
0.0008138801 0.02345038
0.1761546 0.3183122
0.0003312303 0.02174082
0.895817 0.637273
0.208142 0.3428231
0.1536025 0.3000606
0.00952366 0.07674952
0.01735647 0.1064338
0.468653 0.4861383
0.8274921 0.6213331
0.6071293 0.5503041
0.0835899 0.2234042
0.5493312 0.5242067
0.1117129 0.2573622
0.8642303 0.6317626
0.1620662 0.3057242
0.01688013 0.1053557
0.2610757 0.3713201
0.7238202 0.5940957
0.001116719 0.02936069
0.131836 0.2789716
0.4289527 0.4679664
0.00111041 0.02936069
0.5398454 0.5186836
0.2469937 0.3640431
0.003741325 0.04918331
0.008678233 0.07391596
0.04067192 0.1595988
0.2527256 0.368168
0.771858 0.6091677
0.2411041 0.3609408
0.821735 0.6205219
0.03277918 0.1424508
0.8659369 0.6317626
0.002233438 0.03850582
0.4720631 0.4874402
0.5620347 0.5285378
0.8034101 0.6150343
0.6518076 0.5657015
0.3872208 0.4476456
0.09773502 0.2390364
0.813817 0.6182391
0.02781073 0.1317473
0.09194322 0.2331247
0.7387476 0.5986507
0.04012618 0.1590708
0.05160252 0.1769847
0.4110095 0.4598854
0.03095268 0.1391120
3.785489e-05 0.01248976
0.9930347 0.6612256
0.9535741 0.6528983
0.02078864 0.1144655
0.0002113565 0.01907616
0.7888833 0.6133479
0.2124858 0.3451623
0.9691451 0.6575948
0.3208139 0.4089942
0.3654606 0.4362098
0.03116719 0.1395507
0.1090032 0.2547470
0.9692366 0.6575948
0.9908202 0.6612256
0.05229022 0.1771092
0.01069085 0.0817696
0.1224606 0.2675572
0.04657098 0.1671591
0.3516877 0.4295464
0.135836 0.2817859
0.2040915 0.339454
0.2040915 0.339454
0.1793754 0.3205522
0.3984132 0.4549424
0.3514669 0.4295464
0.05702839 0.1865794
0.06263407 0.1903780
0.366388 0.4365133
0.8554322 0.6282281
0.530224 0.5135425
0.323 0.4107516
0.8116467 0.6182077
0.0558959 0.1850966
0.4791262 0.4918359
0.6112334 0.5503041
0.8438675 0.6264245
0.1343912 0.2812659
0.042 0.1606052
0.1789148 0.3200009
0.6168486 0.5514028
0.9390126 0.6511788
0.5095363 0.5038717
0.06102208 0.1897447
0.2090095 0.3434538
0.6122524 0.5503041
0.01917981 0.1114418
0.00214511 0.03765467
0.3673028 0.436872
0.1208612 0.2662064
0.1422082 0.2884103
0.04297476 0.1619912
0.2362839 0.3589037
0.06605994 0.1943320
0.02754574 0.1312025
0.8887666 0.6362799
0.4332681 0.4714515
0.1198486 0.2647941
0.1342871 0.2812659
0.2146088 0.3458412
0.04828707 0.1708421
0.1208675 0.2662064
0.2257003 0.3519246
0.5090158 0.5038717
0.003410095 0.04615046
0.1356814 0.2817859
0.5877476 0.5412768
0.01294006 0.09164149
0.8278801 0.6213331
0.05343218 0.1795316
0.06602839 0.1943320
0.8022776 0.6150343
0.06601577 0.1943320
0.02901893 0.1334265
0.4481609 0.4768037
0.08588013 0.2255135
0.3604259 0.4340239
0.7721199 0.6091677
0.03607571 0.1497526
0.2242429 0.3519246
0.8209748 0.6205219
0.09564353 0.2365821
0.08674448 0.2263701
0.4177697 0.462264
0.09194006 0.2331247
0.004157729 0.05365138
0.04352366 0.1628926
0.2763722 0.3809361
0.19347 0.3323443
0.001419558 0.03217708
0.244694 0.3619395
0.2513186 0.3678580
0.88247 0.6345159
0.8835804 0.6347275
0.1358454 0.2817859
0.9392397 0.6511788
0.01620189 0.104215
0.7275615 0.5942638
0.4855426 0.4947915
0.3738076 0.4401724
0.4467571 0.4762738
0.6469937 0.564635
0.5265016 0.5108021
0.7985142 0.6145312
0.7168139 0.5932983
0.2279874 0.352664
0.672183 0.5734311
0.1545741 0.3001126
0.5363218 0.5169971
0.7237571 0.5940957
0.6265804 0.5563952
0.2608013 0.3713201
0.6126088 0.5503041
0.007059937 0.06688984
0.5690757 0.5321536
0.6476467 0.564635
0.1577823 0.3025269
0.7872082 0.6133479
0.0006435331 0.02293042
0.5960631 0.5448637
0.8102997 0.6181889
0.01575079 0.1025681
0.112388 0.2574942
0.04171293 0.1600905
0.8953722 0.637273
0.5412397 0.5195885
0.8857571 0.6351443
0.1338612 0.2812659
0.4911388 0.4973707
0.03270032 0.1424024
0.1602871 0.3035344
0.1865394 0.326693
0.3700946 0.4383107
0.3152114 0.4064997
0.3819905 0.4446676
0.9673028 0.6575888
0.8683186 0.6323976
0.8974574 0.637273
0.2502555 0.3669418
0.4859748 0.4947915
0.8421514 0.6261372
0.8542776 0.6282281
0.07989905 0.2162235
0.06105994 0.1897447
0.6594637 0.5679914
0.0947981 0.2356902
0.9239085 0.6460725
0.9524543 0.6528983
0.7680347 0.6077685
0.1995079 0.3354402
0.6496372 0.564635
0.4695079 0.4861383
0.08828076 0.2286986
0.1255079 0.2711024
0.003164038 0.04436727
0.1561167 0.3005381
0.634918 0.5606453
0.6124101 0.5503041
0.4402997 0.4746827
0.3584069 0.4327534
0.2254385 0.3519246
0.05773502 0.1865794
0.003063091 0.04436727
0.1775647 0.3189301
0.4398801 0.4744735
0.70906 0.5910984
0.3515363 0.4295464
0.9011199 0.637946
0.144082 0.2900052
0.1752965 0.317268
0.4564132 0.480185
0.2705931 0.3771723
0.0003091483 0.02174082
0.0006309148 0.02293042
0.2583123 0.3696836
0.0258612 0.1262071
0.01735647 0.1064338
0.8369748 0.6242745
0.2536278 0.3682505
0.01398423 0.09581036
0.01108517 0.08387062
0.8221262 0.6205219
0.1680221 0.3113744
0.1590662 0.3029027
0.2231546 0.3515903
0.09271293 0.2338226
0.4380189 0.4733734
0.9478864 0.6521894
0.08724606 0.2271155
0.4790694 0.4918359
0.1638517 0.3077126
0.9033375 0.6380937
0.0300694 0.1365647
0.099694 0.242058
0.5242965 0.5108021
0.003053628 0.04436727
0.5704227 0.5327712
0.4362177 0.4723138
0.05795584 0.1865794
0.8925426 0.637273
0.02766246 0.1313407
0.4906972 0.4973707
0.5729874 0.5340927
0.6849842 0.5788525
0.0734101 0.2056731
0.002624606 0.04246519
0.3366057 0.4191153
0.008870662 0.07406657
0.001369085 0.03199633
0.1735868 0.3165809
0.1941073 0.3326446
0.71406 0.5929414
0.1413407 0.2878157
0.01974763 0.1131778
0.8899495 0.6366934
0.1586656 0.3029027
0.007646688 0.06932624
0.5879243 0.5412768
0.7728675 0.6093237
0.2129148 0.3451623
0.665164 0.5708181
0.8237666 0.6205548
0.7979495 0.6145312
0.3379274 0.4193397
0.02089905 0.1144655
0.005864353 0.06167404
0.2423028 0.3609408
0.3039306 0.3990471
0.008018927 0.07086823
0.0001009464 0.01248976
0.96994 0.6575948
0.4134606 0.4611454
0.02016404 0.1143183
0.2150442 0.3458412
0.2111672 0.3445924
0.8397319 0.6250621
0.0008990536 0.02555443
0.03567508 0.1491143
0.8383817 0.6246593
0.1461009 0.2921120
0.2034196 0.339454
0.8284795 0.6213395
0.01350473 0.0940313
0.4038864 0.457125
0.7237066 0.5940957
0.971612 0.6575948
0.2177476 0.3481405
0.5073659 0.5038294
0.06834385 0.1977322
0.0003533123 0.02174082
0.7933123 0.6145312
0.3276719 0.4126004
0.1906088 0.3307902
0.05533754 0.1841684
0.1045394 0.2490597
0.7095868 0.5910984
0.1515237 0.2992563
0.117306 0.2621603
0.5070095 0.5038294
0.8449527 0.6264245
0.3774574 0.4427922
0.7948959 0.6145312
0.923246 0.6460725
0.9054101 0.638631
0.1186088 0.2628833
0.6708454 0.5726563
0.1850221 0.3248472
0.007826498 0.07034997
0.747082 0.6010524
0.9568959 0.6536832
0.7403028 0.5986507
0.3178801 0.408159
0.1496751 0.2967198
0.8013123 0.6150343
0.3020063 0.3989920
0.2996404 0.3976339
0.3503754 0.4295464
0.4507729 0.4772663
0.1840095 0.3237604
0.4063785 0.4579805
0.1819811 0.3229143
0.1342871 0.2812659
0.3693817 0.4377129
0.2689811 0.3761718
0.955675 0.6534858
0.8609495 0.6309691
0.3470126 0.4273284
0.8398044 0.6250621
0.5169685 0.5081041
0.3562744 0.4315543
0.07886435 0.214592
0.05691798 0.1865794
0.911366 0.6417559
0.1536782 0.3000606
0.2133785 0.3451623
0.2754826 0.3807078
0.001391167 0.03215512
0.2596877 0.37107
0.05110726 0.1763763
0.04677287 0.1675978
0.7956562 0.6145312
0.005665615 0.0611798
0.0121041 0.0873481
0.1447003 0.2904159
0.9372271 0.6506007
0.5223596 0.5103144
0.2317886 0.3545676
0.2039306 0.339454
0.2761577 0.38089
0.7914164 0.6142541
0.5075773 0.5038294
0.002722397 0.04251434
0.7521167 0.6029879
0.1920757 0.3319606
0.2568202 0.3695455
0.4060505 0.4579452
0.7801577 0.6124722
0.08571609 0.2253641
0.07270978 0.2047314
0.03909464 0.1572273
0.1867539 0.3267663
0.6108391 0.5503041
0.3792776 0.4441151
0.3939338 0.451782
0.823817 0.6205548
0.01660883 0.1053557
0.0004826498 0.02174082
3.154574e-06 0.006635185
0.05691167 0.1865794
0.0006876972 0.02293042
0.1935584 0.3323443
0.3110158 0.4030661
0.5893407 0.541543
0.3417445 0.4228291
0.1413312 0.2878157
0.03033754 0.1366393
0.5950852 0.5445987
0.6082618 0.5503041
0.7393091 0.5986507
0.7951356 0.6145312
0.04163091 0.1600905
0.1920252 0.3319606
0.5445994 0.5216235
0.1769369 0.3186309
0.0946183 0.2355608
0.8938675 0.637273
0.7708265 0.6087359
0.03505047 0.1471528
0.05208517 0.1769847
0.001996845 0.03750064
0.4981577 0.4996693
0.0229306 0.119978
0.9417508 0.6514503
0.9543628 0.6530132
0.1777886 0.3189301
0.08259621 0.2218762
0.8138927 0.6182391
0.0145489 0.09794293
0.03501577 0.1471528
0.1611104 0.3047411
0.8478486 0.6272689
0.2145836 0.3458412
0.0004353312 0.02174082
0.5023596 0.5017283
0.7121703 0.5923076
0.003047319 0.04436727
0.9402271 0.6511788
0.732877 0.5963248
0.860183 0.6308444
0.2577666 0.3695455
0.1033155 0.2466618
0.7092082 0.5910984
0.06330284 0.1913050
0.8213849 0.6205219
0.1225394 0.2675572
0.7563218 0.6043335
0.9920852 0.6612256
0.7685552 0.6079516
0.01889274 0.1107523
0.4256435 0.4662546
0.003280757 0.04552959
0.4696467 0.4861383
0.9701262 0.6575948
0.2667098 0.3743155
0.4169874 0.462264
0.000340694 0.02174082
0.07814826 0.2131951
0.01199054 0.08726763
0.0926246 0.2338226
0.02002208 0.1141288
0.08495584 0.2245127
0.1712461 0.3143029
0.008217666 0.07172057
0.005564669 0.0611798
0.2803375 0.382387
0.4275552 0.4671687
0.07961199 0.2157889
0.07712934 0.2120744
0.2615142 0.3713201
0.985041 0.6598374
0.1711893 0.3143029
0.8963407 0.637273
0.3266278 0.4122134
0.04031861 0.1590708
0.5722555 0.5340087
0.6528328 0.5657015
0.01929653 0.1115039
0.1598044 0.3030885
0.03148265 0.1399982
0.5580126 0.528302
0.4237729 0.4659405
0.9702902 0.6575948
0.3347697 0.4178867
0.001148265 0.02981737
0.04326814 0.1622250
0.944877 0.6518482
0.7459306 0.6009632
0.4902524 0.4973707
0.4135868 0.4611454
0.06212618 0.1898817
0.2671199 0.3743155
0.5550126 0.5272459
0.7380568 0.5986507
0.175388 0.317268
0.3552461 0.4312257
0.99606 0.6621575
0.5588454 0.528302
0.716795 0.5932983
0.3678801 0.4371649
0.08916088 0.2292627
0.1901609 0.3302854
0.009832808 0.07834043
0.3117571 0.403416
0.1472618 0.2930403
0.2866782 0.3862816
0.9798044 0.658637
0.9854858 0.6599252
0.966571 0.6574454
0.451918 0.477267
0.1662019 0.3101875
0.617795 0.5520091
0.831694 0.6223218
0.5540095 0.5270366
0.2555016 0.3692101
0.001712934 0.03610322
0.01457729 0.09794293
0.8920852 0.637273
0.03831546 0.1549826
0.02073502 0.1144655
0.0613407 0.1898817
0.05782965 0.1865794
0.8686972 0.6323976
0.8136972 0.6182391
0.3817413 0.4446676
0.429735 0.4685768
0.005018927 0.05894683
0.0584858 0.1865794
0.2540379 0.3682505
0.2656372 0.3743155
0.3565931 0.4315543
0.5180252 0.5082044
0.2418959 0.3609408
0.07089905 0.2012494
0.1334353 0.2809426
0.2102208 0.3441001
0.4104984 0.4598854
0.6045363 0.5497422
0.7987792 0.6145312
0.5176814 0.5081041
0.0004858044 0.02174082
0.07926498 0.2151940
0.4501956 0.4772663
0.1434385 0.2898193
0.7894858 0.6133479
0.1618833 0.3056533
0.1631514 0.3066712
0.4771861 0.4905626
0.4012492 0.4560464
0.2931104 0.3919357
0.0838328 0.2237691
0.005072555 0.05894683
0.01761199 0.1073746
0.0007981073 0.02331530
0.07398423 0.2063859
0.3305773 0.4146219
0.0281041 0.1322435
0.7266972 0.5942022
0.002148265 0.03765467
0.2081956 0.3428231
0.1740631 0.3165809
0.2210158 0.3505407
0.852325 0.6282281
0.005003155 0.05894683
0.09221451 0.2331247
0.0844511 0.2241822
0.9236972 0.6460725
0.497918 0.4996693
0.2225268 0.3509535
0.302817 0.3989920
0.53947 0.5186836
0.001567823 0.03471249
0.2422934 0.3609408
0.09428076 0.2354428
0.6770978 0.5754247
0.2389464 0.3599338
0.1652524 0.309514
0.09753628 0.2388280
0.8858833 0.6351443
0.001690852 0.03610322
0.9998517 0.6634201
0.01683281 0.1053557
0.03296215 0.1429506
0.934183 0.6503272
0.9037192 0.6380937
0.7221609 0.5940957
0.8711672 0.6327254
0.6317192 0.5585241
0.6725079 0.5734311
0.2207098 0.3504379
0.06400946 0.1928861
0.746981 0.6010524
0.02431861 0.1221887
0.6291893 0.5573974
0.7165678 0.5932983
0.2814164 0.3828708
0.5453155 0.5220716
0.0006277603 0.02293042
0.3007571 0.3983618
0.8588139 0.6302824
0.01964353 0.1128888
0.5104511 0.5043021
0.31153 0.403416
0.6521956 0.5657015
0.09046057 0.2317546
0.7971672 0.6145312
0.475142 0.4892921
0.006501577 0.06420242
0.04117666 0.1595988
0.00733754 0.06807641
0.2576877 0.3695455
0.08314511 0.2227985
0.1171861 0.2621603
0.4932461 0.4984535
0.7888896 0.6133479
0.1211104 0.2664623
0.117735 0.2623532
0.7251073 0.5940957
0.1443533 0.2902735
0.0610694 0.1897447
0.5310915 0.5140696
0.811306 0.6182077
0.2963344 0.3949911
0.555899 0.5272459
0.6359464 0.560847
0.03394637 0.1460148
0.277571 0.3814626
0.4912681 0.4973707
0.05125237 0.1764351
0.2099685 0.3441001
0.4838486 0.4947519
0.8825647 0.6345159
0.00692429 0.0664119
0.7803849 0.6124722
0.1424669 0.2884103
0.1696688 0.3135971
0.8554574 0.6282281
0.1656435 0.3099705
0.0127918 0.09089756
0.01477918 0.09862485
0.02096215 0.1144655
0.1842177 0.3237604
0.8332492 0.6225995
0.6910978 0.5830819
0.6376467 0.5616401
0.2388013 0.3599338
0.1383817 0.285079
0.882959 0.6345159
0.09740379 0.2388280
0.32647 0.4122134
0.3054479 0.4002897
0.3509558 0.4295464
0.3204826 0.4089942
0.497858 0.4996693
0.04278549 0.1618413
0.5786656 0.5373679
0.9008202 0.637946
0.7166625 0.5932983
0.6269306 0.5563952
0.1753502 0.317268
0.01500315 0.09892454
0.5620726 0.5285378
0.03983596 0.1590708
0.7969874 0.6145312
0.3058328 0.4002953
0.03453628 0.1464557
0.1142744 0.2602109
0.7761577 0.6106305
0.5246562 0.5108021
0.2359369 0.3588277
0.03740694 0.1527767
0.3323028 0.4155471
0.0748959 0.2072797
0.6624858 0.5697931
0.5048896 0.5029866
0.4169211 0.462264
0.5080568 0.5038298
0.6487192 0.564635
0.008716088 0.07391596
0.009214511 0.07600539
0.1231735 0.2675711
0.06469716 0.194253
0.3535268 0.4298219
0.6157224 0.5514028
0.4254858 0.4662546
0.1537855 0.3000606
0.3434637 0.4247064
0.854877 0.6282281
0.4701388 0.4861692
0.23847 0.3599338
0.7278013 0.5942638
0.3518707 0.4295464
0.9652429 0.6571645
0.976552 0.6578345
0.7219274 0.5940957
0.260164 0.3712462
0.6098927 0.5503041
0.5994416 0.5465269
0.02344795 0.1210921
0.07285174 0.2048569
0.03882019 0.1564226
0.7155394 0.5932983
0.1958991 0.3330016
0.06520189 0.194253
0.74506 0.6008914
0.1961514 0.3330016
0.3528486 0.4298219
0.7887035 0.6133479
0.06495268 0.194253
0.0168265 0.1053557
0.9903817 0.6612256
0.3151893 0.4064997
0.6123659 0.5503041
0.2668391 0.3743155
0.1220662 0.2675572
0.0001545741 0.0162562
0.003148265 0.04436727
0.09597792 0.2369320
0.9136625 0.6425126
0.01386435 0.0956119
0.1870473 0.3267663
0.3912461 0.4501799
0.070306 0.2004042
0.2782681 0.3814626
0.7538549 0.603817
0.2737981 0.3793770
0.458612 0.4806548
0.6119937 0.5503041
0.5140599 0.5068827
0.822041 0.6205219
0.04771924 0.1700042
0.02535647 0.1247508
0.3262587 0.4122134
0.3478991 0.4273284
0.4670662 0.4856181
0.4775868 0.4907347
0.004977918 0.05894683
0.3626562 0.4355982
0.5616372 0.5285378
0.06225237 0.1898817
0.2288202 0.352664
0.4122271 0.4607575
0.02905994 0.1334265
0.5616341 0.5285378
0.9770379 0.6578345
0.01683281 0.1053557
0.01135016 0.08526214
0.00636593 0.06405627
0.3064038 0.4002954
0.7271609 0.5942022
0.5345426 0.5162223
0.7591167 0.6050892
0.8120915 0.6182077
0.4150379 0.4621342
0.9007918 0.637946
0.705511 0.5907401
0.2844669 0.3850286
0.1987823 0.3352923
0.01847634 0.1101366
0.2082997 0.3428231
0.2256562 0.3519246
0.2070473 0.3421003
0.3902555 0.4497783
0.225164 0.3519246
0.001744479 0.03610322
0.1527855 0.2997966
0.1144574 0.2602109
0.28953 0.3886305
0.05360883 0.179636
0.2293691 0.352664
0.06025237 0.1897186
0.7138549 0.5929414
0.30953 0.4016354
0.2829338 0.3839467
0.1499968 0.2970775
0.2538644 0.3682505
0.09156151 0.2331247
0.7829338 0.6133479
0.9239464 0.6460725
0.9171388 0.6440959
0.06006309 0.1896906
0.7886782 0.6133479
0.001690852 0.03610322
0.207 0.3421003
0.1228801 0.2675572
0.02355836 0.1210921
0.5611388 0.5285378
0.0742019 0.206719
0.6412366 0.5624468
0.863754 0.6317626
0.7967192 0.6145312
0.5623722 0.5285378
0.03636909 0.1497526
0.1961104 0.3330016
0.1586278 0.3029027
0.2365489 0.3589798
0.3504511 0.4295464
0.1418423 0.2882556
0.4652019 0.4843981
0.6285552 0.5571318
0.0003123028 0.02174082
0.00666246 0.06536886
0.3746215 0.4404739
0.02757098 0.1312025
0.08425552 0.2241822
0.005665615 0.0611798
0.1223659 0.2675572
0.1553817 0.3001126
0.0006782334 0.02293042
0.07997792 0.2162235
0.9053754 0.638631
0.7506372 0.6024601
0.5176656 0.5081041
0.05178233 0.1769847
0.1839653 0.3237604
0.01004101 0.07895377
0.3094953 0.4016354
0.7934574 0.6145312
0.1956782 0.3330016
0.09195268 0.2331247
0.7571577 0.6045094
0.2262997 0.3519246
0.4258328 0.4662546
0.0004006309 0.02174082
0.873694 0.634094
0.5216341 0.5101041
0.04653312 0.1671591
0.02416404 0.1221767
0.06431861 0.1935405
0.6245205 0.5554281
0.1284196 0.2745039
0.4168675 0.462264
0.6805363 0.5771808
0.3290315 0.4131997
0.945022 0.6518482
0.07488959 0.2072797
0.04805363 0.1704448
0.4110505 0.4598854
0.06815457 0.1977285
0.07780442 0.2125327
0.2587729 0.3700142
0.607041 0.5503041
0.125795 0.2713492
0.3689748 0.4377127
0.1946278 0.3328049
0.2570978 0.3695455
0.4337697 0.4715096
0.2262776 0.3519246
0.05453628 0.1820779
0.8184826 0.6204269
0.9563028 0.6536832
0.2340536 0.356996
0.7845268 0.6133479
0.6674763 0.5714036
0.3244227 0.4118139
0.9918612 0.6612256
0.8845047 0.6347411
0.9344921 0.6503272
0.8943028 0.637273
0.9148707 0.6429634
0.108224 0.2537718
0.570142 0.5327456
0.01853628 0.1101366
0.01851104 0.1101366
0.08642902 0.2260991
0.1339369 0.2812659
0.8648833 0.6317626
0.7095868 0.5910984
0.2278076 0.352664
0.08750789 0.2275155
0.002044164 0.03763752
0.7232713 0.5940957
0.9818486 0.6589018
0.8376845 0.624361
0.4706814 0.4864911
0.392959 0.45141
0.7497256 0.6023446
0.3473123 0.4273284
0.122836 0.2675572
0.3545741 0.4308462
0.1569495 0.3014797
0.7998454 0.6148968
0.4378801 0.4733734
0.948 0.6521894
0.4698991 0.4861603
0.08781073 0.228021
0.819429 0.6205219
0.9517855 0.6528983
0.7340694 0.5968332
0.1357508 0.2817859
0.1171073 0.2621603
0.004858044 0.05820866
0.2666909 0.3743155
0.6390505 0.5619353
0.1255394 0.2711024
0.2495426 0.3667793
0.2339369 0.356996
0.2132303 0.3451623
0.3028833 0.3989920
0.1265363 0.2721376
0.7483249 0.601449
0.6943312 0.5844034
0.889101 0.6363028
0.006794953 0.0655605
0.2129054 0.3451623
0.2243975 0.3519246
0.077653 0.2125327
0.07311672 0.2053275
0.1665521 0.3102287
0.4201262 0.4636275
0.436306 0.4723138
0.697388 0.5865068
0.4018139 0.4560464
0.4167571 0.462264
0.6359117 0.560847
0.7000726 0.5880592
0.252041 0.368168
0.0002996845 0.02174082
0.07238801 0.2040986
0.191164 0.3314802
0.02594637 0.1263296
0.03408202 0.1460949
0.9016404 0.637946
0.4798202 0.492068
0.8254826 0.62121
0.006410095 0.06405627
0.7659842 0.607313
0.02371924 0.1210921
0.1667098 0.3102287
0.01590536 0.1029372
0.1069811 0.2525467
0.257918 0.3695455
0.2893659 0.3886305
0.1424196 0.2884103
0.9529274 0.6528983
0.5303028 0.5135425
0.2168328 0.3473542
0.2621577 0.3713201
0.3350473 0.4179774
0.0625552 0.1903780
0.06229022 0.1898817
0.2248644 0.3519246
0.7256183 0.5940957
0.08533754 0.2250731
0.4042366 0.457125
0.4961956 0.4993659
0.1999905 0.335983
7.25552e-05 0.01248976
0.2417918 0.3609408
0.6296246 0.5573974
0.8557161 0.6282281
0.4627161 0.4827657
0.5713344 0.5333858
0.832672 0.6225995
0.9361798 0.6503862
0.5002492 0.5009439
0.9247382 0.6462207
0.451612 0.477267
0.8237666 0.6205548
0.580836 0.5381954
0.1325584 0.2793759
0.5533091 0.5266085
0.7155836 0.5932983
0.9397855 0.6511788
0.147694 0.2936226
0.8004921 0.6150343
0.0005615142 0.02293042
0.2959874 0.3949911
0.664959 0.5708181
0.5302082 0.5135425
0.0682713 0.1977322
0.4763975 0.4901926
0.1597413 0.3030885
0.3069306 0.4007347
0.7948044 0.6145312
0.004470032 0.0552156
0.3266972 0.4122134
0.2979685 0.3964156
0.1767445 0.3186309
0.8755205 0.634094
0.874328 0.634094
0.7030789 0.5898778
0.5974164 0.5458636
0.9733943 0.6575948
0.8862744 0.6351443
0.8267634 0.6213331
0.6501356 0.5648348
0.9695962 0.6575948
0.4439748 0.4752346
0.8604795 0.6308444
0.7677256 0.6077685
0.4576151 0.4805424
0.141123 0.2878157
0.05194006 0.1769847
0.266918 0.3743155
0.9528013 0.6528983
0.1467319 0.2928170
0.7263785 0.5942022
0.9926183 0.6612256
0.8684227 0.6323976
0.7732492 0.6093237
0.710183 0.5910984
0.9540757 0.6530132
0.1671009 0.3102374
0.2270126 0.3523895
0.824022 0.6205548
0.2910631 0.3894457
0.8042145 0.6153319
0.0291041 0.1334265
0.8904385 0.6368266
0.3376309 0.4192191
0.7617382 0.6065583
0.0004794953 0.02174082
0.381205 0.4446676
0.04959306 0.1728114
0.02563091 0.1253741
0.7640252 0.6071169
0.6732334 0.5737633
0.004315457 0.05468031
0.5554196 0.5272459
0.4422902 0.4752333
0.5806656 0.5381954
0.3239274 0.4116821
0.8175773 0.6201421
0.1518423 0.2993234
0.7014543 0.5889846
0.3456404 0.4268961
0.6096088 0.5503041
0.5610442 0.5285378
0.6919621 0.5833431
0.1943438 0.3326446
0.2193281 0.3494883
0.9785016 0.6581819
0.9473375 0.6521894
0.01019874 0.07974556
0.4796719 0.492068
0.3144038 0.405956
0.756511 0.6043335
0.2715521 0.3775083
0.8524227 0.6282281
0.3075584 0.4013053
0.2278486 0.352664
0.0842429 0.2241822
0.2192397 0.3494883
0.07713249 0.2120744
0.5189401 0.5085729
0.6021672 0.5482799
0.7403596 0.5986507
0.526123 0.5108021
0.004870662 0.05820866
0.1124921 0.2574942
0.2878233 0.3873183
0.3684132 0.4375512
0.005634069 0.0611798
0.644918 0.564264
0.005671924 0.0611798
0.7783722 0.6115771
0.6537382 0.5660941
0.4041167 0.457125
0.1741735 0.3165809
0.4084732 0.4592002
0.0316877 0.1400219
0.3799527 0.4441151
0.8509905 0.6282281
0.4505836 0.4772663
0.04106309 0.1595988
0.03163091 0.1400219
0.3593975 0.4334519
0.7226372 0.5940957
0.7073249 0.5910824
0.1819148 0.3229143
0.01066562 0.0817696
0.878735 0.6345159
0.8959432 0.637273
0.1098801 0.2559077
0.2905047 0.3891783
0.789041 0.6133479
0.6103943 0.5503041
0.9698612 0.6575948
0.1934448 0.3323443
0.5026404 0.5017705
0.04497161 0.1650202
0.1087192 0.2543659
0.3164795 0.4073857
0.3203218 0.4089942
0.4545363 0.4794637
0.04381388 0.1634444
0.8655457 0.6317626
0.1647539 0.3088554
0.325347 0.4122134
0.4105615 0.4598854
0.01669085 0.1053557
0.8534164 0.6282281
0.1061483 0.2510934
0.6473628 0.564635
0.6159811 0.5514028
0.1304259 0.2779451
0.02649842 0.1285758
0.941713 0.6514503
0.7859243 0.6133479
0.08653312 0.2260991
0.9759054 0.6578345
0.9895868 0.6612256
0.1861893 0.3263516
0.2557098 0.3692101
0.01851104 0.1101366
0.4109495 0.4598854
0.09824921 0.2396509
0.3842461 0.4462758
0.002066246 0.03763752
0.4065394 0.4579805
0.9458423 0.6518482
0.7561167 0.6043335
0.9130032 0.6422637
0.4591483 0.4806548
0.5754606 0.535574
0.1003312 0.2428446
0.4934606 0.4984535
0.4007508 0.4560464
0.1742934 0.3165809
0.3250568 0.4122134
0.4615363 0.4817737
0.76606 0.607313
0.5858833 0.5412768
0.4453028 0.4759289
0.03774448 0.1535590
0.02911672 0.1334265
0.6491514 0.564635
0.5260662 0.5108021
0.2104543 0.3441945
0.1543438 0.3001126
0.4939874 0.4984535
0.09463407 0.2355608
0.6837161 0.5780132
0.3477823 0.4273284
0.2237192 0.3519246
0.04784858 0.1700042
0.2093975 0.3436425
0.1739716 0.3165809
0.9667792 0.6574454
0.6385899 0.5619353
0.7391956 0.5986507
0.759183 0.6050892
0.4824479 0.4937339
0.03427129 0.1460949
0.06529968 0.1942692
0.03118297 0.1395507
0.5613155 0.5285378
0.1340946 0.2812659
0.5979779 0.5459023
0.09687697 0.238045
0.2072681 0.3421963
0.2420095 0.3609408
0.8829842 0.6345159
0.8098044 0.6181889
0.06487382 0.194253
0.9362997 0.6503862
0.3312114 0.4149224
0.2530063 0.368168
0.766593 0.607313
0.3850284 0.4466911
0.2438675 0.3614796
0.8015584 0.6150343
0.05363407 0.179636
0.6124637 0.5503041
0.9121893 0.6419059
0.5564006 0.527403
0.01847319 0.1101366
0.2973596 0.3958602
0.4210315 0.4638963
0.03876656 0.1564226
0.02100631 0.1144655
0.2300379 0.3531759
0.6638013 0.5705771
0.2544637 0.3686137
0.2702492 0.3769823
0.6486372 0.564635
0.7869243 0.6133479
0.762082 0.6065583
0.8034574 0.6150343
0.7103565 0.5910984
0.3169022 0.4076804
0.830489 0.6221631
0.2466498 0.3638091
0.3795394 0.4441151
0.06044164 0.1897447
0.02816719 0.1322446
0.02941325 0.1339101
0.4169243 0.462264
0.5128076 0.5059173
0.469123 0.4861383
0.7269369 0.5942022
0.01641325 0.1050739
0.2785678 0.3814626
0.2759527 0.38089
0.5174448 0.5081041
0.2119148 0.3451623
0.561448 0.5285378
0.03132808 0.1399024
0.2830252 0.3839467
0.1464164 0.2924648
0.05854574 0.1865794
9.77918e-05 0.01248976
0.2947729 0.3936582
0.008473186 0.07304142
0.6834511 0.5780132
0.3674259 0.436872
0.2053975 0.3409815
0.6427476 0.5633023
0.5559842 0.5272459
0.7241609 0.5940957
0.1316088 0.2789716
0.007974763 0.0707753
0.04111672 0.1595988
0.05695584 0.1865794
0.1630095 0.3066712
0.192388 0.3319606
0.6854259 0.5789932
0.02023975 0.1144391
0.2311893 0.3544503
0.7944416 0.6145312
0.04467508 0.1648552
0.02370347 0.1210921
0.0006687697 0.02293042
0.7591136 0.6050892
0.7395615 0.5986507
0.7399685 0.5986507
0.1543659 0.3001126
0.05038486 0.1743046
0.774183 0.609652
0.6585142 0.5677815
0.745366 0.6009077
0.2167413 0.3473542
0.114183 0.2602109
0.0318265 0.1403404
0.4957981 0.4992048
0.003082019 0.04436727
0.707 0.5910824
0.9454574 0.6518482
0.3710536 0.4386826
0.80206 0.6150343
0.004488959 0.0552156
0.001088328 0.02934793
0.04501262 0.1650202
0.001208202 0.03061778
0.0115489 0.08606982
0.7195678 0.5940957
0.1668139 0.3102287
0.04022082 0.1590708
0.1512461 0.2989888
0.008318612 0.07230158
0.01462145 0.09794293
0.1951735 0.3330016
0.8452587 0.6264245
0.6687319 0.571548
0.05900631 0.1877627
0.231205 0.3544503
0.757306 0.6045094
0.3484606 0.4276172
0.6003375 0.5470277
0.8793502 0.6345159
0.4197319 0.4636275
0.8310631 0.6221631
0.0226877 0.1194995
0.2644826 0.373356
0.6188391 0.5520091
0.1259117 0.2713492
0.1287035 0.2748314
0.9213628 0.6453386
0.6281356 0.5571318
0.02824606 0.1323195
0.5062366 0.503449
0.6166183 0.5514028
0.04516088 0.1650202
0.6759716 0.5749322
0.4015205 0.4560464
0.9701987 0.6575948
0.5234953 0.5108021
0.8815899 0.6345159
0.0887287 0.2286986
0.4593218 0.4806548
0.06545426 0.1943320
0.00937224 0.0767048
0.0007413249 0.02293042
0.8672429 0.6323976
0.5877603 0.5412768
0.001239748 0.03067798
0.05854574 0.1865794
0.07079811 0.2012344
0.01871924 0.1107523
0.6493186 0.564635
0.060347 0.1897326
0.09142587 0.2331247
0.5343218 0.5162223
0.1836435 0.3237604
0.2503438 0.3669418
0.1992681 0.3353794
0.3739685 0.4401724
0.1955741 0.3330016
0.04406309 0.1637460
0.003776025 0.04933115
0.2842839 0.3850286
0.3197256 0.4089942
0.02163407 0.1169771
0.4057129 0.4578099
0.3820158 0.4446676
0.2465615 0.3638091
0.08226183 0.2212775
0.9788864 0.6582303
0.02366246 0.1210921
0.485082 0.4947915
0.1150379 0.2602206
0.07741325 0.2122913
0.02314511 0.1202033
0.001940063 0.03709671
0.5150915 0.5074565
0.6917729 0.5833431
0.2434795 0.361159
0.7708076 0.6087359
0.5245741 0.5108021
0.7401041 0.5986507
0.2606814 0.3713201
0.18153 0.3227572
0.004470032 0.0552156
0.8702839 0.6325207
0.2618044 0.3713201
0.02080757 0.1144655
0.4021987 0.4560464
0.004451104 0.0552156
0.6524227 0.5657015
0.3033596 0.3990471
0.4010252 0.4560464
0.009138801 0.0759768
0.02911672 0.1334265
0.1030252 0.2462482
0.0004574132 0.02174082
0.03417035 0.1460949
0.06618927 0.1944406
0.8658297 0.6317626
0.5248517 0.5108021
0.7460063 0.6009632
0.5792965 0.5377164
0.937918 0.6508655
0.01394006 0.09581036
0.2577634 0.3695455
0.7050379 0.5907401
0.2651893 0.3741025
0.520183 0.5093709
0.4384101 0.4733734
0.7128044 0.5923665
0.0996593 0.242058
0.1592744 0.3029027
0.5000568 0.5009439
0.4742145 0.4891814
0.05582334 0.1850966
0.2383407 0.3599338
0.0572082 0.1865794
0.2067603 0.3421003
0.338918 0.420321
0.5010063 0.5009439
0.187511 0.3273045
0.0006719243 0.02293042
0.04614196 0.1670445
0.09817666 0.2396509
0.09372555 0.2352059
0.5363281 0.5169971
0.0001230284 0.01437623
0.2812776 0.3828708
0.8920473 0.637273
0.9020126 0.637946
0.00811672 0.07113472
0.005826498 0.06167404
0.6188297 0.5520091
0.5262208 0.5108021
0.7564259 0.6043335
0.3734606 0.4401724
0.2996025 0.3976339
0.02404732 0.1218796
0.001905363 0.03709671
0.05336909 0.1795316
0.003315457 0.04557894
0.009432177 0.07674952
0.4913123 0.4973707
0.1527855 0.2997966
0.1405047 0.2874796
0.2640126 0.3730053
0.3199338 0.4089942
0.510858 0.5044671
0.262858 0.3720615
0.1237066 0.2682461
0.2723028 0.3782931
0.898101 0.637273
0.1145678 0.2602109
0.04137224 0.1599641
9.463722e-05 0.01248976
0.1929495 0.3323443
0.1776057 0.3189301
0.1979085 0.3340863
0.984224 0.6597104
0.007545741 0.06870719
0.4031104 0.4565879
0.1322587 0.2792568
0.2636151 0.3728822
0.8035331 0.6150343
0.588101 0.5412768
0.1961577 0.3330016
0.2792303 0.3818726
0.7949369 0.6145312
0.0343123 0.1460949
0.06564984 0.1943320
0.4591073 0.4806548
0.05913249 0.1878800
0.111082 0.2567524
0.6181136 0.5520091
0.2375174 0.3598908
0.2440631 0.3615148
0.02094322 0.1144655
0.1318265 0.2789716
0.3822744 0.4447225
0.04542587 0.1650202
0.2776751 0.3814626
0.05782965 0.1865794
0.1990126 0.3353794
0.1802114 0.3212274
0.4281735 0.4673794
0.1230095 0.267562
0.5858549 0.5412768
0.04418927 0.1639253
0.7590126 0.6050892
0.1485426 0.2947525
0.7640063 0.6071169
0.982 0.6589018
0.9863975 0.6603255
0.4481514 0.4768037
0.174511 0.3167026
0.00226183 0.03867828
0.6445868 0.564264
0.03012618 0.1365647
0.241183 0.3609408
0.920328 0.6450611
0.07343533 0.2056731
0.9922618 0.6612256
0.05779495 0.1865794
0.7306814 0.5954597
0.6419338 0.5628236
0.2612524 0.3713201
0.5800315 0.5379239
0.4177319 0.462264
0.2773659 0.3814626
0.8759748 0.634094
0.1923533 0.3319606
0.2113312 0.3445924
0.1084448 0.2540064
0.001422713 0.03217708
0.9688076 0.6575948
0.07031546 0.2004042
0.9442082 0.6518482
0.05849211 0.1865794
0.5264763 0.5108021
0.9094669 0.6408477
0.9186909 0.6449706
0.9149148 0.6429634
0.2063691 0.3420545
0.3219653 0.4096835
0.09941325 0.2420153
0.04278233 0.1618413
0.1161041 0.2617449
0.2261009 0.3519246
0.1399148 0.2871496
0.1705868 0.3141895
0.8123817 0.6182077
0.003290221 0.04552959
0.02123659 0.1154213
0.0144858 0.09794293
0.3258139 0.4122134
0.01252997 0.08933884
0.3529968 0.4298219
0.8652618 0.6317626
0.02873502 0.1331276
0.2451609 0.3621208
0.007514196 0.06870719
0.1014227 0.2438884
0.02088328 0.1144655
0.5931703 0.543637
0.2962082 0.3949911
0.01377287 0.09529347
0.8760662 0.634094
0.9274763 0.6476795
0.4919054 0.4976676
0.05 0.1735440
0.002416404 0.03939963
0.02084543 0.1144655
0.9816278 0.6589018
0.5112681 0.5046352
0.318877 0.4087210
0.8975836 0.637273
0.7877571 0.6133479
0.1445836 0.2904159
0.8825899 0.6345159
0.3926057 0.4512506
0.5596341 0.5285378
0.2999905 0.3977181
0.9283155 0.6478354
0.6570347 0.567081
0.1503817 0.2975596
0.0949937 0.2358977
0.8814858 0.6345159
0.06776972 0.1974243
0.993347 0.6612256
0.02266246 0.1194995
0.1440221 0.2900052
0.1140347 0.2602109
0.6130032 0.5503041
0.1355016 0.2817859
0.007160883 0.06754201
0.0004826498 0.02174082
0.04285174 0.1618413
0.5915931 0.5431381
0.01611041 0.1039444
0.2246215 0.3519246
0.7194732 0.5940957
0.2673123 0.3743357
0.02754574 0.1312025
0.05142902 0.1767539
0.04939117 0.1727904
0.2554227 0.3692101
0.9925174 0.6612256
0.3467066 0.4273284
0.3749621 0.4406022
0.5075489 0.5038294
0.03575079 0.1491143
0.8332082 0.6225995
0.08226814 0.2212775
0.2261199 0.3519246
0.3665016 0.4365133
0.1547413 0.3001126
0.593164 0.543637
0.6860946 0.5793254
0.1164259 0.2619442
0.000933754 0.02618686
0.5216593 0.5101041
0.9433596 0.6518482
0.1561735 0.3005381
0.9306215 0.6489928
0.003656151 0.0483659
0.1055363 0.2502595
0.05970978 0.1888583
0.1150473 0.2602206
0.3637918 0.4359268
0.1388959 0.2858583
0.2746278 0.3798196
0.1251703 0.2708615
0.9318202 0.6492042
0.08469716 0.2243679
0.8684322 0.6323976
0.9208801 0.6452154
0.4429338 0.4752333
0.6094132 0.5503041
0.1531546 0.2999535
0.00207571 0.03763752
0.3897035 0.4494283
0.8877729 0.6360015
0.126959 0.2724895
0.3053596 0.4002897
0.7416814 0.5993155
0.5325016 0.5149605
0.006271293 0.06405627
0.875593 0.634094
0.4233249 0.4659405
0.187694 0.3273523
0.300082 0.3977181
0.7776625 0.6114763
0.00240694 0.03939963
0.4203817 0.4636662
0.9437319 0.6518482
0.5686435 0.5320544
0.04945426 0.1727904
0.1375268 0.2841527
0.4684732 0.4861383
0.9984732 0.6633425
0.1171073 0.2621603
0.1368517 0.2830359
0.206877 0.3421003
0.1191861 0.2636073
0.5797918 0.5379239
0.07483596 0.2072797
0.6252366 0.55583
0.7424795 0.59973
0.02233123 0.1194995
0.3100189 0.4020218
0.9046845 0.6385475
0.1150568 0.2602206
0.8981293 0.637273
0.8886593 0.6362799
0.7102334 0.5910984
0.01481703 0.09862485
0.2125174 0.3451623
0.5050757 0.5029866
0.1164416 0.2619442
0.2202524 0.3504302
0.04941325 0.1727904
0.5495394 0.5242067
0.4752082 0.4892921
0.4021672 0.4560464
0.3907792 0.4499288
0.9820789 0.6589018
2.208202e-05 0.01248976
0.4589527 0.4806548
0.01741009 0.1064523
0.04536278 0.1650202
0.1828959 0.3236298
0.04285804 0.1618413
0.7431546 0.6000449
0.00917981 0.07600539
0.03562776 0.1491143
0.1316625 0.2789716
0.2851262 0.3854250
0.5829085 0.5395401
0.5468896 0.5226271
0.7762965 0.6106305
0.8222082 0.6205219
0.6243785 0.5554281
0.8149716 0.6188352
0.09977603 0.242058
0.1555521 0.3001661
0.04504416 0.1650202
0.6940284 0.5844034
0.6816183 0.5778655
0.001870662 0.03677256
0.002725552 0.04251434
0.04008833 0.1590708
0.01139432 0.08528927
0.5161356 0.5081041
0.1520442 0.2994407
0.6474543 0.564635
0.007933754 0.0707097
0.8272776 0.6213331
0.7269653 0.5942022
0.8272429 0.6213331
0.3275899 0.4126004
0.1014543 0.2438884
0.1727224 0.3161963
0.5546877 0.5272459
0.8927823 0.637273
0.01566562 0.1023302
0.505123 0.5029866
0.8986372 0.637273
0.6407224 0.5624046
0.4351483 0.4720324
0.6101987 0.5503041
0.002375394 0.03934089
0.01083912 0.08230506
0.04325552 0.1622250
0.4969117 0.4996085
0.1264669 0.2721376
0.5019117 0.5015191
0.0006340694 0.02293042
0.01028076 0.08008916
0.04029653 0.1590708
0.5849306 0.541036
0.4003628 0.4560464
0.7231703 0.5940957
0.2268959 0.3523895
0.9360252 0.6503862
0.0811388 0.2187995
0.1699621 0.3138634
0.107571 0.2532504
0.0005299685 0.02274921
0.01180442 0.0867873
0.0001009464 0.01248976
0.1190599 0.2636053
0.6747192 0.5743315
0.1122902 0.2574942
0.3299148 0.4140379
0.500918 0.5009439
0.6595868 0.5679914
0.02301262 0.1201084
0.9821514 0.6589018
0.851265 0.6282281
0.9202429 0.6450611
0.494694 0.4985704
0.2139054 0.3455597
0.2537792 0.3682505
0.07708202 0.2120744
0.005189274 0.05964414
0.01158044 0.08606982
0.03027129 0.1366335
0.9599874 0.6551567
0.001624606 0.03559501
0.4235773 0.4659405
0.9708801 0.6575948
0.9058044 0.6386949
0.9729338 0.6575948
0.371653 0.4389207
0.7524543 0.6029879
0.5251262 0.5108021
0.005050473 0.05894683
0.5986435 0.5462729
0.8697287 0.6323976
0.219836 0.3500324
0.06191167 0.1898817
0.2532808 0.368168
0.2475174 0.3643223
0.09388328 0.2352059
0.6262397 0.5563952
0.2471546 0.3640431
0.842776 0.6263802
0.9726025 0.6575948
0.765959 0.607313
0.9203533 0.6450611
0.6324795 0.5589614
0.06497161 0.194253
0.6672114 0.5714036
0.366817 0.4366417
0.4081546 0.4590874
0.2906782 0.3891783
0.8691767 0.6323976
0.2676246 0.3745237
0.02344795 0.1210921
0.0004384858 0.02174082
0.04637224 0.1671591
0.3533438 0.4298219
0.5979779 0.5459023
0.04917035 0.1726588
0.9309306 0.6489928
0.1183785 0.2628833
0.05808202 0.1865794
0.7054984 0.5907401
0.8307098 0.6221631
0.7070505 0.5910824
0.3580536 0.4325751
0.1079306 0.2533663
0.3272776 0.4126004
0.2284353 0.352664
0.859123 0.6302893
0.8808076 0.6345159
0.9772492 0.6578345
0.03147634 0.1399982
0.5345079 0.5162223
4.416404e-05 0.01248976
0.837489 0.624361
0.5731073 0.5340927
0.5635647 0.5291856
0.5586751 0.528302
0.1913754 0.3315734
0.372205 0.4393259
0.3080726 0.4013199
0.1705615 0.3141895
0.802101 0.6150343
0.277224 0.3814626
0.832347 0.6225889
0.5010694 0.5009439
0.3841514 0.4462758
0.4049211 0.4576068
0.498388 0.4996693
0.7507287 0.6024601
0.7517603 0.6029879
0.4509306 0.4772663
0.6599874 0.5679979
0.3090505 0.4016354
0.4437476 0.4752333
0.6079117 0.5503041
0.6887886 0.5813668
0.00747634 0.06866981
0.341183 0.4223829
0.1787382 0.3199571
0.3571893 0.4320273
0.4812965 0.4928611
0.05933754 0.1879636
0.2213218 0.3505407
0.04517666 0.1650202
0.07000315 0.2003284
0.3173155 0.4077133
0.4054006 0.4577031
0.9312082 0.6489928
0.6835615 0.5780132
0.419653 0.4636275
0.3691735 0.4377127
0.4902461 0.4973707
0.4693975 0.4861383
0.4162461 0.462264
0.8797192 0.6345159
0.1104732 0.2559077
0.2524511 0.368168
0.8861703 0.6351443
0.06285489 0.1904986
0.01801577 0.1085775
0.68006 0.5770095
0.02389905 0.1216771
0.4070379 0.4580763
0.6488801 0.564635
0.249041 0.3663086
0.1017129 0.2439432
0.1890126 0.3291062
0.09404416 0.2352059
0.5516562 0.525273
0.7878013 0.6133479
0.1360915 0.2819171
0.8091041 0.6180456
0.3528013 0.4298219
0.2559495 0.3692101
0.1525584 0.2997966
0.6776309 0.5756452
7.886435e-05 0.01248976
0.08714511 0.2271155
0.7170284 0.5932983
0.8452303 0.6264245
0.8933817 0.637273
0.510164 0.5042553
0.485142 0.4947915
0.8450063 0.6264245
0.1597129 0.3030885
0.1046246 0.2490597
0.2274416 0.352664
0.5420442 0.5201235
0.6356372 0.560847
0.06206309 0.1898817
0.9939274 0.6613669
0.5581356 0.528302
0.1015741 0.2438884
0.27153 0.3775083
0.2620347 0.3713201
0.7750694 0.6101216
0.4749054 0.4892921
0.827164 0.6213331
0.1932555 0.3323443
5.047319e-05 0.01248976
0.317142 0.4077133
0.06308517 0.1909215
0.3029401 0.3989920
0.117858 0.2623532
0.8624101 0.6315158
0.4430536 0.4752333
0.575899 0.5357449
0.008094637 0.07113472
0.318489 0.4084726
0.0060347 0.06314979
0.003529968 0.04699222
0.2524732 0.368168
0.1185521 0.2628833
0.8445426 0.6264245
0.06795584 0.1974243
0.6058644 0.5503041
0.8170032 0.6199302
0.8677192 0.6323976
0.008873817 0.07406657
0.243388 0.361159
0.1603281 0.3035344
0.3290505 0.4131997
0.7500757 0.6023957
0.9490946 0.6523796
0.3241514 0.411718
0.9228044 0.6460725
0.683142 0.5780132
0.6551703 0.5665042
0.7198139 0.5940957
0.2564606 0.3694708
0.9749558 0.6577068
0.3877603 0.4476456
0.9517666 0.6528983
0.406735 0.4579805
0.6830789 0.5780132
0.4605331 0.4810674
0.9485079 0.6521894
0.5915426 0.5431381
0.002022082 0.03763752
0.006712934 0.06536886
0.09436278 0.2354428
0.08855205 0.2286986
0.4512271 0.4772663
0.1222713 0.2675572
0.464082 0.4837109
0.8914858 0.637273
0.6408486 0.5624046
0.2502082 0.3669418
0.1267508 0.2723205
0.962511 0.656453
0.1795836 0.3206518
0.6104322 0.5503041
0.6316972 0.5585241
0.0808265 0.2182371
0.5221041 0.5103018
0.1933943 0.3323443
0.0004637224 0.02174082
0.7353312 0.5973973
0.5677603 0.5319379
0.03624921 0.1497526
0.485858 0.4947915
0.6399811 0.5622834
0.9934006 0.6612256
0.898593 0.637273
0.666246 0.5710476
0.3578423 0.4325683
0.4679842 0.4861383
0.3122271 0.4036411
0.0693817 0.1993637
0.3712082 0.4386826
0.7542524 0.6039054
0.06636909 0.1946969
0.06957098 0.1996349
0.9810789 0.6589018
0.0144164 0.09794293
0.2021924 0.3388702
0.1050915 0.2497679
0.2640568 0.3730053
0.02676341 0.1291122
0.1694574 0.3134818
0.001239748 0.03067798
0.06898107 0.1986199
0.002905363 0.04428265
0.01188328 0.0867873
0.03729022 0.1525963
0.007242902 0.06801064
0.2774259 0.3814626
0.0001324921 0.01466725
0.03580126 0.1491143
0.6648076 0.5708181
0.07829653 0.2133229
0.01722713 0.1064338
0.02394953 0.1216771
0.9251987 0.6463036
0.08984227 0.2304513
0.326347 0.4122134
0.8621893 0.6315158
0.668101 0.5714243
0.6545899 0.5665042
0.02434069 0.1221887
0.01310726 0.0922047
0.3805142 0.4443953
0.7254164 0.5940957
0.001287066 0.03142181
0.9632555 0.656535
0.2858896 0.3858835
0.00551735 0.0611798
0.002690852 0.04251434
0.0003470032 0.02174082
0.4233785 0.4659405
0.9784259 0.6581819
0.0002902208 0.02174082
3.470032e-05 0.01248976
0.6836593 0.5780132
0.340612 0.4219243
0.00855205 0.07342035
0.3817666 0.4446676
0.0007791798 0.02308297
0.06186751 0.1898817
0.04156151 0.1600905
0.2152713 0.3459065
0.04832808 0.1708421
0.003410095 0.04615046
0.01695584 0.1055152
0.02260252 0.1194995
0.4428927 0.4752333
0.5271861 0.5112304
0.1348549 0.2816758
0.007347003 0.06807641
0.2120315 0.3451623
0.1778612 0.3189301
0.03350789 0.1447206
0.7300662 0.5954197
0.2193155 0.3494883
0.3477508 0.4273284
0.2225836 0.3509535
0.141489 0.2878157
0.05840063 0.1865794
0.02456782 0.1227430
0.6560568 0.566702
0.5681861 0.5320544
0.001470032 0.03289359
0.4765931 0.4901926
0.04109148 0.1595988
0.4464069 0.4761418
0.3734984 0.4401724
0.4660347 0.4850251
0.1671136 0.3102374
0.8296498 0.6218984
0.5060252 0.503449
0.1146814 0.2602109
0.0336877 0.1451991
0.1381893 0.2849617
0.2089842 0.3434538
0.7127287 0.5923665
0.2178202 0.3481405
0.009899054 0.0785706
0.8022744 0.6150343
0.01204101 0.08733277
0.1532839 0.2999535
0.6089842 0.5503041
0.4604953 0.4810674
0.07456467 0.2072797
0.01929653 0.1115039
0.3871798 0.4476456
0.2212934 0.3505407
0.7303565 0.5954256
0.001088328 0.02934793
0.3317129 0.4150562
0.7783691 0.6115771
0.89506 0.637273
0.7895363 0.6133479
0.05208202 0.1769847
0.4459811 0.4759289
0.7979527 0.6145312
0.005864353 0.06167404
0.7103565 0.5910984
0.3623155 0.4354729
0.9449527 0.6518482
0.04705678 0.1680425
0.9063123 0.6388389
0.197123 0.33353
0.02278233 0.1194995
0.394142 0.451782
0.04316088 0.1622250
0.02204732 0.1186018
0.005438486 0.0611798
0.976795 0.6578345
0.679817 0.5770095
0.2106057 0.3441945
0.7609243 0.6062473
0.5440757 0.5213593
0.3162808 0.4073793
0.7525331 0.6029879
0.4854448 0.4947915
0.7163975 0.5932983
0.194776 0.3328049
0.8092303 0.6180456
0.4106183 0.4598854
0.4097855 0.4598854
0.01650789 0.1052180
0.1103312 0.2559077
0.2132303 0.3451623
0.2973628 0.3958602
0.05196845 0.1769847
0.9929558 0.6612256
0.001365931 0.03199633
0.2838265 0.3846569
0.1517886 0.2993234
0.1943659 0.3326446
0.6554132 0.5665042
0.4355331 0.4721784
0.452 0.477267
0.3737508 0.4401724
0.9309495 0.6489928
0.1022965 0.2450635
0.003041009 0.04436727
0.5817666 0.5388203
0.3922145 0.4510474
0.7061136 0.5910094
0.1185363 0.2628833
0.0007791798 0.02308297
0.3865079 0.4476456
0.5369811 0.5172011
0.3018202 0.3989920
0.2806719 0.382387
0.8810347 0.6345159
0.2041546 0.339454
0.3201924 0.4089942
0.3015174 0.3989920
0.1643722 0.3084147
0.01354574 0.0940313
0.9516435 0.6528983
0.1754259 0.317268
0.03235016 0.1419461
0.2216845 0.3506471
0.7960315 0.6145312
0.9898107 0.6612256
0.8203975 0.6205219
0.09077918 0.2322880
0.1027981 0.2459849
0.01729338 0.1064338
0.1054259 0.2502595
0.1836025 0.3237604
0.4087382 0.4592527
0.6232114 0.5552029
0.2848454 0.385293
0.2094511 0.3436425
0.1542587 0.3001126
0.7643249 0.6071169
0.9617035 0.656115
0.6493281 0.564635
0.308142 0.4013199
0.821164 0.6205219
0.6119243 0.5503041
0.08649842 0.2260991
0.006712934 0.06536886
0.0004100946 0.02174082
0.9437571 0.6518482
0.649571 0.564635
0.8952334 0.637273
0.2760379 0.38089
0.1972618 0.33353
0.1583817 0.3029027
0.8957256 0.637273
0.9247729 0.6462207
0.4456909 0.4759289
0.6076814 0.5503041
0.8498801 0.6282281
0.2729369 0.3786826
0.02015773 0.1143183
0.9550284 0.6532561
0.3861956 0.4475515
0.9512776 0.6528983
0.2905615 0.3891783
0.1279401 0.2741102
0.06511041 0.194253
0.3213533 0.4091523
0.2787792 0.3815037
0.5255457 0.5108021
0.2026372 0.3390168
0.394795 0.4520378
0.3563249 0.4315543
0.6471735 0.564635
0.07114826 0.2014131
0.4812366 0.4928611
0.01892429 0.1107523
0.005788644 0.06167404
0.08439432 0.2241822
0.1200063 0.2648643
0.871164 0.6327254
0.4334921 0.4714515
0.03928391 0.1576869
0.4260536 0.4662546
0.04441325 0.1644661
0.2558833 0.3692101
0.03488013 0.1471528
0.9992681 0.6634201
0.3210347 0.4089942
0.04097792 0.1595988
0.821918 0.6205219
0.08315142 0.2227985
0.7664606 0.607313
0.02434069 0.1221887
0.1837129 0.3237604
0.4554826 0.4799804
0.04910726 0.1726588
0.7251987 0.5940957
0.02551735 0.1251096
0.4500915 0.4772663
0.6112366 0.5503041
0.006381703 0.06405627
0.06195899 0.1898817
0.9425836 0.6517379
0.09615773 0.2369320
0.01782019 0.1080178
0.5142681 0.5068827
0.02749211 0.1312025
0.557918 0.528302
0.009495268 0.07674952
0.6098423 0.5503041
0.005788644 0.06167404
0.122795 0.2675572
0.04115457 0.1595988
0.05249211 0.1772223
0.3374132 0.4192191
0.5399716 0.5186836
0.2546751 0.3686661
0.01792114 0.1083175
